0123450123450123450123450123450123450123450123450123450123450123
1234501234501234501234501234501234501234501234501234501234501234
2345012345012345012345012345012345012345012345012345012345012345
3450123450123450123450123450123450123450123450123450123450123450
4501234501234501234501234501234501234501234501234501234501234501
5012345012345012345012345012345012345012345012345012345012345012
0123450123450123450123450123450123450123450123450123450123450123
1234501234501234501234501234501234501234501234501234501234501234
2345012345012345012345012345012345012345012345012345012345012345
3450123450123450123450123450123450123450123450123450123450123450
4501234501234501234501234501234501234501234501234501234501234501
5012345012345012345012345012345012345012345012345012345012345012
0123450123450123450123450123450123450123450123450123450123450123
1234501234501234501234501234501234501234501234501234501234501234
2345012345012345012345012345012345012345012345012345012345012345
3450123450123450123450123450123450123450123450123450123450123450
4501234501234501234501234501234501234501234501234501234501234501
5012345012345012345012345012345012345012345012345012345012345012
0123450123450123450123450123450123450123450123450123450123450123
1234501234501234501234501234501234501234501234501234501234501234
2345012345012345012345012345012345012345012345012345012345012345
3450123450123450123450123450123450123450123450123450123450123450
4501234501234501234501234501234501234501234501234501234501234501
5012345012345012345012345012345012345012345012345012345012345012
0123450123450123450123450123450123450123450123450123450123450123
1234501234501234501234501234501234501234501234501234501234501234
2345012345012345012345012345012345012345012345012345012345012345
3450123450123450123450123450123450123450123450123450123450123450
4501234501234501234501234501234501234501234501234501234501234501
5012345012345012345012345012345012345012345012345012345012345012
0123450123450123450123450123450123450123450123450123450123450123
1234501234501234501234501234501234501234501234501234501234501234
2345012345012345012345012345012345012345012345012345012345012345
3450123450123450123450123450123450123450123450123450123450123450
4501234501234501234501234501234501234501234501234501234501234501
5012345012345012345012345012345012345012345012345012345012345012
0123450123450123450123450123450123450123450123450123450123450123
1234501234501234501234501234501234501234501234501234501234501234
2345012345012345012345012345012345012345012345012345012345012345
3450123450123450123450123450123450123450123450123450123450123450
4501234501234501234501234501234501234501234501234501234501234501
5012345012345012345012345012345012345012345012345012345012345012
0123450123450123450123450123450123450123450123450123450123450123
1234501234501234501234501234501234501234501234501234501234501234
2345012345012345012345012345012345012345012345012345012345012345
3450123450123450123450123450123450123450123450123450123450123450
4501234501234501234501234501234501234501234501234501234501234501
5012345012345012345012345012345012345012345012345012345012345012
0123450123450123450123450123450123450123450123450123450123450123
1234501234501234501234501234501234501234501234501234501234501234
2345012345012345012345012345012345012345012345012345012345012345
3450123450123450123450123450123450123450123450123450123450123450
4501234501234501234501234501234501234501234501234501234501234501
5012345012345012345012345012345012345012345012345012345012345012
0123450123450123450123450123450123450123450123450123450123450123
1234501234501234501234501234501234501234501234501234501234501234
2345012345012345012345012345012345012345012345012345012345012345
3450123450123450123450123450123450123450123450123450123450123450
4501234501234501234501234501234501234501234501234501234501234501
5012345012345012345012345012345012345012345012345012345012345012
0123450123450123450123450123450123450123450123450123450123450123
1234501234501234501234501234501234501234501234501234501234501234
2345012345012345012345012345012345012345012345012345012345012345
3450123450123450123450123450123450123450123450123450123450123450
4501234501234501234501234501234501234501234501234501234501234501
5012345012345012345012345012345012345012345012345012345012345012
0123450123450123450123450123450123450123450123450123450123450123
1234501234501234501234501234501234501234501234501234501234501234
2345012345012345012345012345012345012345012345012345012345012345
3450123450123450123450123450123450123450123450123450123450123450
4501234501234501234501234501234501234501234501234501234501234501
5012345012345012345012345012345012345012345012345012345012345012
0123450123450123450123450123450123450123450123450123450123450123
1234501234501234501234501234501234501234501234501234501234501234
2345012345012345012345012345012345012345012345012345012345012345
3450123450123450123450123450123450123450123450123450123450123450
4501234501234501234501234501234501234501234501234501234501234501
5012345012345012345012345012345012345012345012345012345012345012
0123450123450123450123450123450123450123450123450123450123450123
1234501234501234501234501234501234501234501234501234501234501234
2345012345012345012345012345012345012345012345012345012345012345
3450123450123450123450123450123450123450123450123450123450123450
4501234501234501234501234501234501234501234501234501234501234501
5012345012345012345012345012345012345012345012345012345012345012
0123450123450123450123450123450123450123450123450123450123450123
1234501234501234501234501234501234501234501234501234501234501234
2345012345012345012345012345012345012345012345012345012345012345
3450123450123450123450123450123450123450123450123450123450123450
4501234501234501234501234501234501234501234501234501234501234501
5012345012345012345012345012345012345012345012345012345012345012
0123450123450123450123450123450123450123450123450123450123450123
1234501234501234501234501234501234501234501234501234501234501234
2345012345012345012345012345012345012345012345012345012345012345
3450123450123450123450123450123450123450123450123450123450123450
4501234501234501234501234501234501234501234501234501234501234501
5012345012345012345012345012345012345012345012345012345012345012
1234501234501234501234501234501234501234501234501234501234501234
2345012345012345012345012345012345012345012345012345012345012345
3450123450123450123450123450123450123450123450123450123450123450
4501234501234501234501234501234501234501234501234501234501234501
5012345012345012345012345012345012345012345012345012345012345012
0123450123450123450123450123450123450123450123450123450123450123
1234501234501234501234501234501234501234501234501234501234501234
2345012345012345012345012345012345012345012345012345012345012345
3450123450123450123450123450123450123450123450123450123450123450
4501234501234501234501234501234501234501234501234501234501234501
5012345012345012345012345012345012345012345012345012345012345012
0123450123450123450123450123450123450123450123450123450123450123
1234501234501234501234501234501234501234501234501234501234501234
2345012345012345012345012345012345012345012345012345012345012345
3450123450123450123450123450123450123450123450123450123450123450
4501234501234501234501234501234501234501234501234501234501234501
5012345012345012345012345012345012345012345012345012345012345012
0123450123450123450123450123450123450123450123450123450123450123
1234501234501234501234501234501234501234501234501234501234501234
2345012345012345012345012345012345012345012345012345012345012345
3450123450123450123450123450123450123450123450123450123450123450
4501234501234501234501234501234501234501234501234501234501234501
5012345012345012345012345012345012345012345012345012345012345012
0123450123450123450123450123450123450123450123450123450123450123
1234501234501234501234501234501234501234501234501234501234501234
2345012345012345012345012345012345012345012345012345012345012345
3450123450123450123450123450123450123450123450123450123450123450
4501234501234501234501234501234501234501234501234501234501234501
5012345012345012345012345012345012345012345012345012345012345012
0123450123450123450123450123450123450123450123450123450123450123
1234501234501234501234501234501234501234501234501234501234501234
2345012345012345012345012345012345012345012345012345012345012345
3450123450123450123450123450123450123450123450123450123450123450
4501234501234501234501234501234501234501234501234501234501234501
5012345012345012345012345012345012345012345012345012345012345012
0123450123450123450123450123450123450123450123450123450123450123
1234501234501234501234501234501234501234501234501234501234501234
2345012345012345012345012345012345012345012345012345012345012345
3450123450123450123450123450123450123450123450123450123450123450