idle1 0 512 128 128
idle2 128 512 128 128
idle3 256 512 128 128
idle4 384 512 128 128
idle5 512 512 128 128
idle6 640 512 128 128
idle7 768 512 128 128
idle8 896 512 128 128
idle9 1024 512 128 128
idle10 1152 512 128 128
idle11 1280 512 128 128
idle12 1408 512 128 128
idle13 1536 512 128 128
idle14 1664 512 128 128
idle15 1792 512 128 128
idle16 1920 512 128 128
idle17 2048 512 128 128
idle18 2176 512 128 128
attack1 0 0 160 128
attack2 160 0 160 128
attack3 320 0 160 128
attack4 480 0 160 128
attack5 640 0 160 128
attack6 800 0 160 128
attack7 960 0 160 128
attack8 1128 0 160 128
attack9 1280 0 160 128
attack10 1440 0 160 128
attack11 1600 0 160 128
attack12 1760 0 160 128
attack13 1920 0 160 128
attack14 2080 0 160 128
attack15 2240 0 160 128
attack16 2400 0 160 128
attack17 2560 0 160 128
attack18 2720 0 160 128
attack19 2880 0 160 128
attackswing1 3040 0 160 128
attackswing2 3200 0 160 128
attackswing3 3360 0 160 128
attackswing4 3520 0 160 128
attackswing5 3680 0 160 128
attackswing6 3840 0 160 128
attackswing7 4000 0 160 128
attackswing8 4160 0 160 128
attackswing9 4320 0 160 128
attackswing10 4480 0 160 128
attackswing11 0 128 160 128
attackswing12 160 128 160 128
attackswing13 320 128 160 128
attackswing14 480 128 160 128
attackswing15 640 128 160 128
attackswing16 800 128 160 128
attackswing17 960 128 160 128
attackswing18 1128 128 160 128
attackswing19 1280 128 160 128
attackswing20 1440 128 160 128
attackswing21 1600 128 160 128
attackswing22 1760 128 160 128
attackswing23 1920 128 160 128
attackswing24 2080 128 160 128
attackswing25 2240 128 160 128
attackswing26 2400 128 160 128
attackend1 2560 128 160 128
attackend2 2720 128 160 128
attackend3 2880 128 160 128
attackend4 3040 128 160 128
attackend5 3200 128 160 128
attackend6 3360 128 160 128
attackend7 3520 128 160 128
attackend8 3680 128 160 128
attackend9 3840 128 160 128
attackend10 4000 128 160 128
attackend11 4160 128 160 128
attackend12 4320 128 160 128
attackend13 4480 128 160 128
teleport1 0 256 128 128
teleport2 128 256 128 128
teleport3 256 256 128 128
teleport4 384 256 128 128
teleport5 512 256 128 128
teleport6 640 256 128 128
teleport7 768 256 128 128
teleport8 896 256 128 128
teleport9 1024 256 128 128
teleport10 1152 256 128 128
teleport11 1280 256 128 128
teleport12 1408 256 128 128
teleport13 1536 256 128 128
teleport14 1664 256 128 128
teleport15 1792 256 128 128
teleport16 1920 256 128 128
teleport17 2048 256 128 128
teleport18 2176 256 128 128
teleport19 2304 256 128 128
teleport20 2432 256 128 128
teleport21 2560 256 128 128
teleport22 2688 256 128 128
teleport23 2816 256 128 128
teleport24 2944 256 128 128
teleport25 3072 256 128 128
teleport26 3200 256 128 128
teleport27 3328 256 128 128
teleport28 3456 256 128 128
teleport29 3584 256 128 128
teleport30 3712 256 128 128
teleport31 3840 256 128 128
teleport32 3968 256 128 128
teleport33 4096 256 128 128
teleport34 4224 256 128 128
teleport35 4352 256 128 128
teleport36 4480 256 128 128
teleport37 4608 256 128 128
teleportback1 4608 256 128 128
teleportback2 4480 256 128 128
teleportback3 4352 256 128 128
teleportback4 4224 256 128 128
teleportback5 4096 256 128 128
teleportback6 3968 256 128 128
teleportback7 3840 256 128 128
teleportback8 3712 256 128 128
teleportback9 3584 256 128 128
teleportback10 3456 256 128 128
teleportback11 3328 256 128 128
teleportback12 3200 256 128 128
teleportback13 3072 256 128 128
teleportback14 2944 256 128 128
teleportback15 2816 256 128 128
teleportback16 2688 256 128 128
teleportback17 2560 256 128 128
teleportback18 2432 256 128 128
teleportback19 2304 256 128 128
teleportback20 2176 256 128 128
teleportback21 2048 256 128 128
teleportback22 1920 256 128 128
teleportback23 1792 256 128 128
teleportback24 1664 256 128 128
teleportback25 1536 256 128 128
teleportback26 1408 256 128 128
teleportback27 1280 256 128 128
teleportback28 1152 256 128 128
teleportback29 1024 256 128 128
teleportback30 896 256 128 128
teleportback31 768 256 128 128
teleportback32 640 256 128 128
teleportback33 512 256 128 128
teleportback34 384 256 128 128
teleportback35 256 256 128 128
teleportback36 128 256 128 128
teleportback37 0 256 128 128
attacktwo1 0 384 128 128
attacktwo2 128 384 128 128
attacktwo3 256 384 128 128
attacktwo4 384 384 128 128
attacktwo5 512 384 128 128
attacktwo6 640 384 128 128
attacktwo7 768 384 128 128
attacktwo8 896 384 128 128
attacktwo9 1024 384 128 128
attacktwo10 1152 384 128 128
attacktwo11 1280 384 128 128
attacktwo12 1408 384 128 128
attacktwo13 1536 384 128 128
attacktwo14 1664 384 128 128
attacktwo15 1792 384 128 128
attacktwo16 1920 384 128 128
attacktwo17 2048 384 128 128
attacktwo18 2176 384 128 128
attacktwoexp1 2304 384 128 128
attacktwoexp2 2432 384 128 128
attacktwoexp3 2560 384 128 128
attacktwoexp4 2688 384 128 128
attacktwoend1 2816 384 128 128
attacktwoend2 2944 384 128 128
attacktwoend3 3072 384 128 128
attacktwoend4 3200 384 128 128
attacktwoend5 3328 384 128 128
attacktwoend6 3456 384 128 128
attacktwoend7 3584 384 128 128
attacktwoend8 3712 384 128 128
walk1 0 768 128 128
walk2 128 768 128 128
walk3 256 768 128 128
walk4 384 768 128 128
walk5 512 768 128 128
walk6 640 768 128 128
walk7 768 768 128 128
walk8 896 768 128 128