idle-1 384 64 64 64
idle-2 448 64 64 64
idle-3 512 64 64 64
idle-4 0 128 64 64
idle-5 64 128 64 64
idle-6 128 128 64 64
push-1 192 128 64 64
push-2 256 128 64 64
push-3 320 128 64 64
push-4 384 128 64 64
push-5 448 128 64 64
push-6 512 128 64 64
push-7 0 192 64 64
push-8 64 192 64 64
bite-1 192 0 64 64
bite-2 320 0 64 64
bite-3 256 0 64 64
bite-4 256 64 64 64
bite-5 320 64 64 64
bite-6 192 0 64 64
dead-1 384 192 64 64
dead-2 448 192 64 64
dead-3 512 192 64 64
dead-4 384 256 64 64
dead-5 448 256 64 64
dead-6 512 256 64 64
dead-7 384 320 64 64
dead-8 448 320 64 64
dead-9 512 320 64 64