idle1 0 192 96 96
idle2 96 192 96 96
idle3 192 192 96 96
idle4 288 192 96 96
idle5 384 192 96 96
idle6 480 192 96 96
idle7 576 192 96 96
idle8 672 192 96 96
running1 0 288 96 96
running2 96 288 96 96
running3 192 288 96 96
running4 288 288 96 96
running5 384 288 96 96
running6 480 288 96 96
running7 576 288 96 96
running8 672 288 96 96
meleeatck1 0 576 128 96
meleeatck2 128 384 128 96
meleeatck3 256 384 128 96
meleeatck4 386 384 128 96
meleeatck5 514 384 128 96
meleeatck6 642 384 128 96
meleeatck7 770 384 128 96
meleeatck8 898 384 128 96
meleeatckA1 0 480 128 96
meleeatckA2 128 480 128 96
meleeatckA3 256 480 128 96
meleeatckA4 386 480 128 96
meleeatckA5 514 480 128 96
meleeatckA6 642 480 128 96
meleeatckA7 770 480 128 96
meleeatckA8 898 480 128 96
rangeatk1 1026 384 128 96
rangeatk2 1154 384 128 96
rangeatk3 1410 384 128 96
rangeatk4 1538 384 128 96
rangeatk5 1666 384 128 96
rangeatk6 1794 384 128 96
rangeatk7 1922 384 128 96
rangeatk8 2050 384 128 96